00001000000000000000000110010000
00000000000000000000000000000000
00000100000000000000000000000000
00010000000000000000000000000000
00010100000000000000000000000000
00010100000000000000000000000000
00010100000000000000000000000000
00010100000000000000000000000000
00010100000000000000000000000000
00010100000000000000000000000000
00010100000000000000000000000000
00010100000000000000000000000000
00010100000000000000000000000000
00010100000000000000000000000000
00010100000000000000000000000000
00010100000000000000000000000000
00010100000000000000000000000000
00010100000000000000000000000000
00010100000000000000000000000000
00010100000000000000000000000000
00010100000000000000000000000000
00010100000000000000000000000000
00010100000000000000000000000000
00010100000000000000000000000000
00010100000000000000000000000000
00010100000000000000000000000000
00010100000000000000000000000000
00010100000000000000000000000000
00010100000000000000000000000000
00010100000000000000000000000000
00010100000000000000000000000000
00010100000000000000000000000000
00010100000000000000000000000000
00010100000000000000000000000000
00001100000000000000000000000000
00010100000000000000000000000000
00010100000000000000000000000000
00010100000000000000000000000000
00010100000000000000000000000000
00010100000000000000000000000000
00010100000000000000000000000000
00010100000000000000000000000000
00010100000000000000000000000000
00010100000000000000000000000000
00010100000000000000000000000000
00010100000000000000000000000000
00010100000000000000000000000000
00010100000000000000000000000000
00010100000000000000000000000000
00010100000000000000000000000000
00010100000000000000000000000000
00010100000000000000000000000000
00010100000000000000000000000000
00010100000000000000000000000000
00010100000000000000000000000000
00010100000000000000000000000000
00010100000000000000000000000000
00010100000000000000000000000000
00010100000000000000000000000000
00010100000000000000000000000000
00010100000000000000000000000000
00010100000000000000000000000000
00010100000000000000000000000000
00010100000000000000000000000000
00010100000000000000000000000000
00010000000000000000000000000000
00010100000000000000000000000000
00010100000000000000000000000000
00010100000000000000000000000000
00010100000000000000000000000000
00010100000000000000000000000000
00010100000000000000000000000000
00010100000000000000000000000000
00010100000000000000000000000000
00010100000000000000000000000000
00010100000000000000000000000000
00010100000000000000000000000000
00010100000000000000000000000000
00010100000000000000000000000000
00010100000000000000000000000000
00010100000000000000000000000000
00010100000000000000000000000000
00010100000000000000000000000000
00010100000000000000000000000000
00010100000000000000000000000000
00010100000000000000000000000000
00010100000000000000000000000000
00010100000000000000000000000000
00010100000000000000000000000000
00010100000000000000000000000000
00010100000000000000000000000000
00010100000000000000000000000000
00010100000000000000000000000000
00010100000000000000000000000000
00010100000000000000000000000000
00010100000000000000000000000000
00001100000000000000000000000000
00010100000000000000000000000000
00010100000000000000000000000000
00010100000000000000000000000000
00010100000000000000000000000000
00010100000000000000000000000000
00010100000000000000000000000000
00010100000000000000000000000000
00010100000000000000000000000000
00010100000000000000000000000000
00010100000000000000000000000000
00010100000000000000000000000000
00010100000000000000000000000000
00010100000000000000000000000000
00010100000000000000000000000000
00010100000000000000000000000000
00010100000000000000000000000000
00010100000000000000000000000000
00010100000000000000000000000000
00010100000000000000000000000000
00010100000000000000000000000000
00010100000000000000000000000000
00010100000000000000000000000000
00010100000000000000000000000000
00010100000000000000000000000000
00010100000000000000000000000000
00010100000000000000000000000000
00010100000000000000000000000000
00010100000000000000000000000000
00010100000000000000000000000000
00010100000000000000000000000000
00010000000000000000000000000000
00010100000000000000000000000000
00010100000000000000000000000000
00010100000000000000000000000000
00010100000000000000000000000000
00010100000000000000000000000000
00010100000000000000000000000000
00010100000000000000000000000000
00010100000000000000000000000000
00010100000000000000000000000000
00010100000000000000000000000000
00010100000000000000000000000000
00010100000000000000000000000000
00010100000000000000000000000000
00010100000000000000000000000000
00010100000000000000000000000000
00010100000000000000000000000000
00010100000000000000000000000000
00010100000000000000000000000000
00010100000000000000000000000000
00010100000000000000000000000000
00010100000000000000000000000000
00010100000000000000000000000000
00010100000000000000000000000000
00010100000000000000000000000000
00010100000000000000000000000000
00010100000000000000000000000000
00010100000000000000000000000000
00010100000000000000000000000000
00010100000000000000000000000000
00010100000000000000000000000000
00001100000000000000000000000000
00010100000000000000000000000000
00010100000000000000000000000000
00010100000000000000000000000000
00010100000000000000000000000000
00010100000000000000000000000000
00010100000000000000000000000000
00010100000000000000000000000000
00010100000000000000000000000000
00010100000000000000000000000000
00010100000000000000000000000000
00010100000000000000000000000000
00010100000000000000000000000000
00010100000000000000000000000000
00010100000000000000000000000000
00010100000000000000000000000000
00010100000000000000000000000000
00010100000000000000000000000000
00010100000000000000000000000000
00010100000000000000000000000000
00010100000000000000000000000000
00010100000000000000000000000000
00010100000000000000000000000000
00010100000000000000000000000000
00010100000000000000000000000000
00010100000000000000000000000000
00010100000000000000000000000000
00010100000000000000000000000000
00010100000000000000000000000000
00010100000000000000000000000000
00010100000000000000000000000000
00010000000000000000000000000000
00010100000000000000000000000000
00010100000000000000000000000000
00010100000000000000000000000000
00010100000000000000000000000000
00010100000000000000000000000000
00010100000000000000000000000000
00010100000000000000000000000000
00010100000000000000000000000000
00010100000000000000000000000000
00010100000000000000000000000000
00010100000000000000000000000000
00010100000000000000000000000000
00010100000000000000000000000000
00010100000000000000000000000000
00010100000000000000000000000000
00010100000000000000000000000000
00010100000000000000000000000000
00010100000000000000000000000000
00010100000000000000000000000000
00010100000000000000000000000000
00010100000000000000000000000000
00010100000000000000000000000000
00010100000000000000000000000000
00010100000000000000000000000000
00010100000000000000000000000000
00010100000000000000000000000000
00010100000000000000000000000000
00010100000000000000000000000000
00010100000000000000000000000000
00010100000000000000000000000000
00001100000000000000000000000000
00010100000000000000000000000000
00010100000000000000000000000000
00010100000000000000000000000000
00010100000000000000000000000000
00010100000000000000000000000000
00010100000000000000000000000000
00010100000000000000000000000000
00010100000000000000000000000000
00010100000000000000000000000000
00010100000000000000000000000000
00010100000000000000000000000000
00010100000000000000000000000000
00010100000000000000000000000000
00010100000000000000000000000000
00010100000000000000000000000000
00010100000000000000000000000000
00010100000000000000000000000000
00010100000000000000000000000000
00010100000000000000000000000000
00010100000000000000000000000000
00010100000000000000000000000000
00010100000000000000000000000000
00010100000000000000000000000000
00010100000000000000000000000000
00010100000000000000000000000000
00010100000000000000000000000000
00010100000000000000000000000000
00010100000000000000000000000000
00010100000000000000000000000000
00010100000000000000000000000000
00000000000000000000000000000000
00000100000000000000000000000000
00000000000000000000000000000000
